895
763
810
911
846
902
846
703
878
882
793
867
679
765
449
842
864
782
670
861
865
860
871
956
952
809
879
864
868
980
981
985
972
965
964
960
833
947
939
931
550
784
691
747
953
810
937
947
964
928
939
869
921
754
906
894
497
665
790
884
888
574
892
783
562
945
962
478
826
954
961
913
924
967
978
927
594
839
826
874
908
768
984
893
543
659
522
764
839
510
868
428
823
657
489
797
709
778
639
777
782
754
769
781
779
763
787
728
703
725
740
462
799
759
772
781
565
509
451
429
424
869
912
1094
670
872
852
510
881
986
1176
880
870
991
867
1209
947
888
457
867
889
1101
975
586
881
989
901
464
988
974
1028
1050
913
592
528
283
914
666
868
851
861
767
746
882
791
759
722
787
842
524
863
951
960
999
987
899
722
851
715
870
857
738
792
788
823
840
781
696
719
757
743
379
623
754
798
749
545
779
755
740
752
750
750
696
759
568
There are you happy now??
